[38;2;14;17;32m⠀[38;2;3;0;26m⠀[38;2;2;0;24m⠀[38;2;2;0;24m⠀[38;2;2;0;24m⠀[38;2;45;37;90m⠀[38;2;47;37;92m⠀[38;2;12;10;41m⠀[38;2;3;0;23m⠀[38;2;2;0;24m⠀[38;2;2;0;24m⠀[38;2;2;0;24m⠀[38;2;7;4;45m⠀[38;2;2;1;42m⠀[38;2;1;2;46m⠀[38;2;2;1;51m⠀[38;2;0;0;50m⠀[38;2;0;0;50m⠀[38;2;0;0;49m⠀[38;2;0;1;42m⠀[38;2;1;2;35m⠀[38;2;140;87;107m⠰[38;2;114;70;90m⠇[38;2;222;144;157m⠶[38;2;9;4;25m⠀[38;2;4;1;23m⠀[38;2;2;0;26m⠀[38;2;3;0;24m⠀[38;2;3;0;23m⠀[38;2;3;0;24m⠀[38;2;2;0;24m⠀[38;2;2;0;24m⠀[38;2;2;0;24m⠀[38;2;2;0;24m⠀[38;2;2;0;24m⠀[38;2;2;0;24m⠀[38;2;2;0;24m⠀[38;2;2;0;24m⠀[38;2;2;0;24m⠀[38;2;2;0;24m⠀[38;2;2;0;24m⠀[38;2;2;0;24m⠀[38;2;2;0;24m⠀[38;2;2;0;24m⠀[38;2;2;0;24m⠀[38;2;2;0;24m⠀[38;2;2;0;24m⠀[38;2;2;0;24m⠀[38;2;2;0;24m⠀[38;2;122;119;139m⢸[38;2;242;237;252m⣿[38;2;6;1;22m⠀[38;2;2;0;24m⠀[38;2;2;0;24m⠀[38;2;2;0;24m⠀[38;2;2;0;24m⠀[38;2;2;0;24m⠀[38;2;2;0;24m⠀[38;2;2;0;24m⠀[38;2;2;0;24m⠀
[38;2;14;17;43m⠀[38;2;0;0;50m⠀[38;2;0;0;44m⠀[38;2;60;58;86m⢠[38;2;112;109;133m⣤[38;2;125;83;65m⢰[38;2;207;129;39m⣿[38;2;169;107;48m⣦[38;2;86;61;82m⣄[38;2;76;63;71m⢠[38;2;123;119;139m⣤[38;2;122;119;140m⣤[38;2;122;119;139m⣤[38;2;123;119;139m⣤[38;2;123;120;151m⣤[38;2;123;120;143m⣤[38;2;122;120;149m⣤[38;2;122;119;144m⣤[38;2;123;119;145m⣤[38;2;122;119;138m⣤[38;2;122;118;137m⣤[38;2;139;131;139m⣤[38;2;133;128;141m⣤[38;2;144;135;147m⣤[38;2;123;119;138m⣤[38;2;123;118;139m⣤[38;2;122;119;140m⣤[38;2;122;119;140m⣤[38;2;122;119;140m⣤[38;2;122;119;140m⣤[38;2;122;119;140m⣤[38;2;122;119;140m⣤[38;2;122;119;140m⣤[38;2;122;119;140m⣤[38;2;122;119;140m⣤[38;2;122;119;140m⣤[38;2;122;119;140m⣤[38;2;122;119;140m⣤[38;2;122;119;140m⣤[38;2;122;119;140m⣤[38;2;122;119;140m⣤[38;2;122;119;140m⣤[38;2;122;119;140m⣤[38;2;122;119;140m⣤[38;2;122;119;140m⣤[38;2;122;119;140m⣤[38;2;122;119;140m⣤[38;2;122;119;140m⣤[38;2;122;119;140m⣤[38;2;182;178;197m⣼[38;2;242;238;255m⣿[38;2;6;1;21m⠀[38;2;2;0;24m⠀[38;2;2;0;24m⠀[38;2;2;0;24m⠀[38;2;2;0;24m⠀[38;2;2;0;24m⠀[38;2;2;0;24m⠀[38;2;2;0;24m⠀[38;2;2;0;24m⠀
[38;2;14;17;42m⠀[38;2;0;0;49m⠀[38;2;0;0;49m⠀[38;2;0;0;49m⠀[38;2;0;0;47m⠉[38;2;235;187;102m⣾[38;2;206;129;38m⣿[38;2;207;130;40m⣿[38;2;207;130;39m⣿[38;2;245;207;122m⣿[38;2;244;207;123m⣿[38;2;209;177;108m⣯[38;2;3;1;23m⣉[38;2;2;0;24m⠉[38;2;2;0;23m⠉[38;2;3;0;23m⠉[38;2;3;0;23m⠉[38;2;3;0;23m⠉[38;2;3;0;23m⠉[38;2;3;0;24m⠉[38;2;3;0;24m⠉[38;2;3;0;23m⠉[38;2;3;0;23m⠉[38;2;3;0;23m⠉[38;2;3;0;23m⠉[38;2;3;0;23m⠉[38;2;3;0;23m⠉[38;2;3;0;23m⠉[38;2;3;0;23m⠉[38;2;3;0;23m⠉[38;2;3;0;23m⠉[38;2;3;0;23m⠉[38;2;3;0;23m⠉[38;2;3;0;23m⠉[38;2;3;0;23m⠉[38;2;3;0;23m⠉[38;2;3;0;23m⠉[38;2;3;0;23m⠉[38;2;3;0;23m⠉[38;2;3;0;23m⠉[38;2;3;0;23m⠉[38;2;3;0;23m⠉[38;2;3;0;23m⠉[38;2;3;0;23m⠉[38;2;3;0;23m⠉[38;2;3;0;23m⠉[38;2;3;0;23m⠉[38;2;3;0;23m⠉[38;2;3;0;23m⠉[38;2;122;119;138m⢹[38;2;242;238;254m⣿[38;2;7;1;21m⠀[38;2;2;0;24m⠀[38;2;2;0;24m⠀[38;2;2;0;24m⠀[38;2;2;0;24m⠀[38;2;2;0;24m⠀[38;2;2;0;24m⠀[38;2;2;0;24m⠀[38;2;2;0;24m⠀
[38;2;14;17;42m⠀[38;2;0;0;49m⠀[38;2;0;0;49m⠀[38;2;0;0;50m⠀[38;2;0;0;50m⠀[38;2;122;104;88m⢹[38;2;211;138;48m⣿[38;2;207;130;39m⣿[38;2;207;130;39m⣿[38;2;217;158;90m⣿[38;2;245;215;145m⣿[38;2;245;207;121m⣿[38;2;244;206;122m⣿[38;2;127;105;70m⣤[38;2;2;0;24m⡀[38;2;2;0;24m⠀[38;2;2;0;24m⠀[38;2;2;0;24m⠀[38;2;2;0;24m⠀[38;2;2;0;24m⠀[38;2;2;0;24m⠀[38;2;2;0;24m⠀[38;2;2;0;24m⠀[38;2;2;0;24m⠀[38;2;2;0;24m⠀[38;2;2;0;24m⠀[38;2;2;0;24m⠀[38;2;2;0;24m⠀[38;2;2;0;24m⠀[38;2;2;0;24m⠀[38;2;2;0;24m⠀[38;2;2;0;24m⠀[38;2;2;0;24m⠀[38;2;2;0;24m⠀[38;2;2;0;24m⠀[38;2;2;0;24m⠀[38;2;2;0;24m⠀[38;2;2;0;24m⠀[38;2;2;1;34m⠀[38;2;3;3;67m⠀[38;2;2;2;44m⠀[38;2;2;0;25m⠀[38;2;2;0;25m⠀[38;2;2;0;24m⠀[38;2;2;0;24m⠀[38;2;11;9;38m⠀[38;2;32;28;75m⠀[38;2;27;25;61m⠀[38;2;2;0;24m⠀[38;2;122;119;139m⢸[38;2;242;237;253m⣿[38;2;6;0;24m⠀[38;2;2;0;24m⠀[38;2;2;0;24m⠀[38;2;2;0;24m⠀[38;2;2;0;24m⠀[38;2;2;0;24m⠀[38;2;2;0;24m⠀[38;2;3;0;26m⠀[38;2;3;2;45m⠀
[38;2;14;17;42m⠀[38;2;0;0;50m⠀[38;2;0;0;49m⠀[38;2;0;0;49m⠀[38;2;0;0;49m⠀[38;2;3;2;53m⠀[38;2;225;168;80m⣿[38;2;207;130;40m⣿[38;2;207;130;40m⣿[38;2;251;245;236m⣿[38;2;227;229;253m⣿[38;2;218;206;200m⣿[38;2;244;207;121m⣿[38;2;244;207;121m⣿[38;2;244;207;122m⣷[38;2;170;143;93m⣦[38;2;2;0;24m⠀[38;2;2;0;24m⠀[38;2;2;0;24m⠀[38;2;2;0;24m⠀[38;2;2;0;24m⠀[38;2;2;0;24m⠀[38;2;2;0;24m⠀[38;2;2;0;24m⠀[38;2;2;0;24m⠀[38;2;2;0;24m⠀[38;2;2;0;24m⠀[38;2;2;0;24m⠀[38;2;2;0;24m⠀[38;2;2;0;24m⠀[38;2;2;0;24m⠀[38;2;2;0;24m⠀[38;2;2;0;24m⠀[38;2;2;0;24m⠀[38;2;2;1;36m⠀[38;2;2;2;64m⠀[38;2;2;2;70m⠀[38;2;2;2;69m⠀[38;2;2;2;64m⠀[38;2;1;1;60m⠀[38;2;0;0;49m⠀[38;2;0;0;48m⠀[38;2;31;29;76m⠀[38;2;42;38;92m⠀[38;2;42;37;92m⠀[38;2;48;36;88m⣀[38;2;184;147;97m⣴[38;2;233;187;102m⣶[38;2;6;1;21m⠀[38;2;123;118;139m⢸[38;2;240;236;254m⣿[38;2;6;0;24m⠀[38;2;2;0;24m⠀[38;2;2;0;24m⠀[38;2;2;0;24m⠀[38;2;2;0;24m⠀[38;2;2;0;24m⠀[38;2;2;0;24m⠀[38;2;2;0;24m⠀[38;2;2;0;24m⠀
[38;2;14;17;42m⠀[38;2;0;0;49m⠀[38;2;0;0;49m⠀[38;2;0;0;49m⠀[38;2;0;0;49m⠀[38;2;1;0;47m⠀[38;2;220;185;113m⣿[38;2;206;130;39m⣿[38;2;207;130;40m⣿[38;2;233;196;165m⣿[38;2;249;246;254m⣿[38;2;217;216;253m⣿[38;2;206;208;254m⣿[38;2;236;183;88m⣿[38;2;243;202;116m⣿[38;2;245;207;121m⣿[38;2;125;104;97m⣤[38;2;16;13;49m⠀[38;2;2;0;25m⠀[38;2;2;0;24m⠀[38;2;2;0;24m⠀[38;2;2;0;24m⠀[38;2;2;0;24m⠀[38;2;2;0;24m⠀[38;2;2;0;24m⠀[38;2;2;0;24m⠀[38;2;2;0;24m⠀[38;2;2;0;24m⠀[38;2;2;0;24m⠀[38;2;2;0;24m⠀[38;2;3;1;30m⠀[38;2;2;2;47m⠀[38;2;2;2;64m⠀[38;2;2;2;69m⠀[38;2;2;3;68m⠀[38;2;2;1;60m⠀[38;2;0;0;49m⠀[38;2;0;0;51m⠀[38;2;6;6;56m⠀[38;2;30;27;80m⠀[38;2;42;37;92m⠀[38;2;42;37;92m⠀[38;2;43;37;92m⢀[38;2;90;75;96m⣠[38;2;238;195;109m⣾[38;2;205;128;37m⣿[38;2;205;129;37m⣿[38;2;154;108;51m⡟[38;2;2;1;25m⠀[38;2;122;119;139m⢸[38;2;242;237;253m⣿[38;2;6;0;24m⠀[38;2;2;0;24m⠀[38;2;2;0;24m⠀[38;2;2;0;24m⠀[38;2;2;0;24m⠀[38;2;2;0;24m⠀[38;2;2;0;24m⠀[38;2;2;0;28m⠀[38;2;2;2;54m⠀
[38;2;16;18;47m⠀[38;2;0;0;49m⠀[38;2;0;0;49m⠀[38;2;0;0;49m⠀[38;2;0;0;49m⠀[38;2;0;0;49m⠀[38;2;123;105;87m⢹[38;2;227;167;80m⣿[38;2;207;130;40m⣿[38;2;207;129;39m⣿[38;2;238;215;200m⣿[38;2;250;248;254m⣿[38;2;239;238;254m⣿[38;2;206;209;253m⣿[38;2;212;202;208m⣿[38;2;234;175;74m⣿[38;2;233;175;75m⣿[38;2;137;104;83m⣆[38;2;42;36;90m⠀[38;2;32;27;72m⠀[38;2;3;0;25m⠀[38;2;2;0;24m⠀[38;2;2;0;24m⠀[38;2;2;0;24m⠀[38;2;2;2;42m⠀[38;2;2;3;56m⠀[38;2;2;3;65m⠀[38;2;2;3;66m⠀[38;2;2;3;68m⠀[38;2;2;2;69m⠀[38;2;2;2;70m⠀[38;2;2;2;69m⠀[38;2;2;2;62m⠀[38;2;0;0;51m⠀[38;2;11;9;60m⠀[38;2;31;28;81m⠀[38;2;42;37;92m⠀[38;2;42;37;92m⠀[38;2;42;37;92m⠀[38;2;42;37;92m⢀[38;2;189;161;117m⣴[38;2;242;205;124m⣶[38;2;211;203;214m⣿[38;2;207;152;103m⣿[38;2;205;128;37m⣿[38;2;208;128;40m⣿[38;2;157;98;34m⡟[38;2;7;2;22m⠁[38;2;2;0;24m⠀[38;2;123;119;137m⢸[38;2;242;237;253m⣿[38;2;6;0;24m⠀[38;2;2;0;24m⠀[38;2;2;0;24m⠀[38;2;2;0;24m⠀[38;2;2;0;24m⠀[38;2;2;0;24m⠀[38;2;3;0;25m⠀[38;2;2;2;70m⠀[38;2;1;0;53m⠀
[38;2;15;18;52m⠀[38;2;1;0;53m⠀[38;2;12;5;51m⣀[38;2;0;0;50m⠀[38;2;0;0;49m⠀[38;2;0;0;49m⠀[38;2;108;92;82m⠸[38;2;228;169;82m⣿[38;2;207;130;40m⣿[38;2;206;130;40m⣿[38;2;205;129;41m⣿[38;2;231;208;192m⡿[38;2;250;247;254m⣿[38;2;214;212;250m⣿[38;2;197;182;198m⣿[38;2;222;190;146m⣿[38;2;245;206;121m⣿[38;2;241;203;118m⣿[38;2;234;183;96m⣿[38;2;202;128;39m⡿[38;2;190;116;35m⠟[38;2;180;106;35m⠛[38;2;227;172;89m⠿[38;2;245;206;121m⣿[38;2;244;207;123m⣿[38;2;243;201;118m⡿[38;2;228;193;117m⠶[38;2;143;121;107m⣤[38;2;58;45;91m⣀[38;2;44;37;92m⡀[38;2;42;37;92m⠀[38;2;42;37;92m⠀[38;2;42;37;92m⠀[38;2;42;37;92m⠀[38;2;42;37;92m⢀[38;2;66;55;95m⣀[38;2;105;85;94m⣠[38;2;244;207;123m⣶[38;2;239;206;139m⣾[38;2;215;206;220m⣿[38;2;204;206;253m⣿[38;2;221;221;250m⣿[38;2;244;231;220m⣿[38;2;216;158;91m⣿[38;2;206;128;38m⣿[38;2;147;90;33m⠟[38;2;2;0;26m⠀[38;2;2;0;24m⠀[38;2;3;0;24m⠀[38;2;123;119;139m⢸[38;2;242;237;253m⣿[38;2;6;0;24m⠀[38;2;2;0;24m⠀[38;2;2;0;24m⠀[38;2;2;0;24m⠀[38;2;2;0;24m⠀[38;2;2;0;24m⠀[38;2;2;1;45m⠀[38;2;2;3;66m⠀[38;2;0;0;51m⠀
[38;2;16;18;52m⠀[38;2;1;2;58m⠀[38;2;220;86;138m⣿[38;2;170;69;124m⣧[38;2;0;0;49m⠀[38;2;0;0;49m⠀[38;2;0;0;48m⠀[38;2;137;98;55m⢹[38;2;206;130;39m⣿[38;2;207;130;40m⣿[38;2;164;95;22m⢋[38;2;207;154;75m⣵[38;2;244;207;123m⣾[38;2;243;206;125m⣿[38;2;243;207;124m⣿[38;2;244;205;119m⣿[38;2;236;181;89m⣿[38;2;242;204;118m⣿[38;2;244;207;121m⣿[38;2;244;207;121m⣿[38;2;244;207;121m⣿[38;2;244;207;121m⣿[38;2;244;207;121m⣿[38;2;244;207;121m⣿[38;2;244;207;121m⣿[38;2;235;194;112m⣶[38;2;174;117;42m⣄[38;2;185;112;31m⠻[38;2;236;195;109m⣿[38;2;246;206;120m⣷[38;2;225;188;118m⣶[38;2;198;146;78m⣶[38;2;220;164;76m⣶[38;2;233;175;75m⣿[38;2;241;195;105m⣿[38;2;208;203;220m⣿[38;2;206;208;253m⣿[38;2;206;208;254m⣿[38;2;227;226;254m⣿[38;2;234;233;252m⣿[38;2;245;243;252m⣿[38;2;244;233;231m⣿[38;2;223;178;129m⣿[38;2;167;104;36m⡟[38;2;2;0;24m⠁[38;2;2;0;24m⠀[38;2;2;0;24m⠀[38;2;2;0;24m⠀[38;2;2;0;23m⠀[38;2;123;119;138m⢸[38;2;242;237;253m⣿[38;2;6;1;23m⠀[38;2;2;0;24m⠀[38;2;2;0;24m⠀[38;2;2;0;24m⠀[38;2;2;0;24m⠀[38;2;2;0;24m⠀[38;2;2;1;28m⠀[38;2;2;2;66m⠀[38;2;0;0;50m⠀
[38;2;16;18;52m⠀[38;2;2;2;68m⠀[38;2;80;14;62m⠀[38;2;174;39;90m⠃[38;2;157;25;75m⠀[38;2;118;20;70m⠀[38;2;84;47;26m⢀[38;2;227;166;69m⣾[38;2;226;163;65m⣿[38;2;197;147;70m⣰[38;2;249;219;144m⣿[38;2;246;213;134m⣿[38;2;244;207;123m⣿[38;2;244;207;122m⣿[38;2;244;207;121m⣿[38;2;245;206;121m⣿[38;2;244;207;121m⣿[38;2;244;207;122m⣿[38;2;245;207;121m⣿[38;2;245;207;121m⣿[38;2;244;207;121m⣿[38;2;244;207;121m⣿[38;2;244;207;121m⣿[38;2;244;207;123m⣿[38;2;244;207;121m⣿[38;2;245;206;121m⣿[38;2;244;207;121m⣿[38;2;244;207;122m⣿[38;2;240;194;103m⣿[38;2;239;191;99m⣿[38;2;244;207;121m⣿[38;2;244;207;121m⣿[38;2;222;195;156m⣿[38;2;164;163;227m⣿[38;2;203;206;253m⣿[38;2;216;216;252m⣿[38;2;249;247;254m⣿[38;2;249;246;254m⣿[38;2;239;216;200m⣿[38;2;219;157;92m⣿[38;2;205;127;40m⣿[38;2;207;127;39m⡿[38;2;89;52;28m⠃[38;2;2;0;24m⠀[38;2;2;0;24m⠀[38;2;2;0;24m⠀[38;2;2;0;24m⠀[38;2;2;0;24m⠀[38;2;2;0;24m⠀[38;2;122;119;139m⢸[38;2;240;236;254m⣿[38;2;4;1;23m⠀[38;2;2;0;24m⠀[38;2;2;0;24m⠀[38;2;2;0;24m⠀[38;2;2;0;24m⠀[38;2;2;0;24m⠀[38;2;2;0;24m⠀[38;2;2;2;46m⠀[38;2;0;0;50m⠀
[38;2;15;17;42m⠀[38;2;0;0;49m⠀[38;2;2;1;48m⠀[38;2;146;33;60m⠀[38;2;130;20;61m⠀[38;2;160;59;70m⢠[38;2;231;173;76m⣿[38;2;186;120;39m⣏[38;2;243;199;110m⣿[38;2;244;207;121m⣿[38;2;244;207;121m⣿[38;2;251;224;155m⣿[38;2;249;219;144m⣿[38;2;254;230;166m⣿[38;2;252;225;156m⣿[38;2;246;213;133m⣿[38;2;249;219;143m⣿[38;2;247;211;133m⣿[38;2;226;167;80m⣿[38;2;235;192;108m⣿[38;2;244;207;124m⣿[38;2;244;207;121m⣿[38;2;244;207;121m⣿[38;2;244;207;123m⣿[38;2;244;207;122m⣿[38;2;242;198;112m⣿[38;2;244;207;121m⣿[38;2;244;207;122m⣿[38;2;244;207;121m⣿[38;2;244;207;123m⣿[38;2;244;207;121m⣿[38;2;245;210;129m⣿[38;2;250;219;142m⣿[38;2;240;218;171m⣿[38;2;151;141;220m⣿[38;2;200;199;244m⣿[38;2;249;246;254m⣿[38;2;224;181;137m⣿[38;2;222;174;122m⣿[38;2;216;147;58m⡿[38;2;54;33;26m⠋[38;2;3;0;23m⠀[38;2;2;0;24m⠀[38;2;2;0;24m⠀[38;2;2;0;24m⠀[38;2;2;0;24m⠀[38;2;2;0;24m⠀[38;2;2;0;24m⠀[38;2;2;0;23m⠀[38;2;121;118;138m⢸[38;2;240;236;254m⣿[38;2;4;1;25m⠀[38;2;3;0;24m⠀[38;2;3;0;25m⠀[38;2;2;0;27m⠀[38;2;2;0;24m⠀[38;2;2;1;24m⠀[38;2;2;0;24m⠀[38;2;2;0;24m⠀[38;2;3;3;59m⠀
[38;2;15;17;42m⠀[38;2;0;0;49m⠀[38;2;83;46;26m⠀[38;2;115;60;21m⠀[38;2;125;38;47m⢀[38;2;233;175;77m⣿[38;2;218;152;61m⡿[38;2;198;147;69m⣹[38;2;244;207;121m⣿[38;2;244;207;121m⣿[38;2;245;207;121m⣿[38;2;236;186;95m⣿[38;2;244;207;123m⣿[38;2;243;206;124m⣿[38;2;246;213;136m⣿[38;2;252;225;155m⣿[38;2;255;230;162m⣿[38;2;228;179;103m⡿[38;2;227;179;108m⢿[38;2;254;230;166m⣿[38;2;254;229;162m⣿[38;2;249;220;148m⣿[38;2;244;207;121m⣿[38;2;247;213;132m⣿[38;2;254;230;161m⣿[38;2;250;219;142m⣿[38;2;252;225;153m⣿[38;2;252;225;154m⣿[38;2;244;208;125m⣿[38;2;254;230;162m⣿[38;2;252;224;154m⣿[38;2;255;231;163m⣿[38;2;245;211;131m⣿[38;2;255;231;164m⣿[38;2;229;195;129m⣯[38;2;152;87;17m⠀[38;2;179;107;28m⢚[38;2;226;163;67m⣿[38;2;62;44;34m⠋[38;2;2;0;24m⠀[38;2;2;0;24m⠀[38;2;2;0;24m⠀[38;2;2;0;24m⠀[38;2;2;0;24m⠀[38;2;2;0;24m⠀[38;2;2;0;24m⠀[38;2;2;0;24m⠀[38;2;2;0;24m⠀[38;2;2;0;24m⠀[38;2;121;118;139m⢸[38;2;240;236;254m⣿[38;2;3;0;22m⠀[38;2;2;0;24m⠀[38;2;2;0;24m⠀[38;2;2;0;24m⠀[38;2;2;0;25m⠀[38;2;2;0;25m⠀[38;2;2;0;24m⠀[38;2;2;0;26m⠀[38;2;1;0;44m⠀
[38;2;62;44;30m⠀[38;2;136;44;45m⠀[38;2;122;20;57m⠀[38;2;132;21;64m⠀[38;2;212;142;46m⣾[38;2;226;163;66m⣿[38;2;184;125;48m⣧[38;2;244;207;122m⣿[38;2;244;207;121m⣿[38;2;244;207;121m⣿[38;2;210;157;77m⡟[38;2;232;188;103m⣿[38;2;244;207;122m⣿[38;2;210;150;65m⡿[38;2;244;207;121m⣿[38;2;244;207;121m⣿[38;2;222;169;83m⣿[38;2;226;168;81m⣷[38;2;212;157;78m⣼[38;2;244;207;123m⣿[38;2;249;218;143m⣿[38;2;245;211;133m⣿[38;2;245;210;130m⣿[38;2;250;222;149m⣿[38;2;254;230;162m⣿[38;2;227;175;92m⡿[38;2;251;223;151m⣿[38;2;254;230;165m⣿[38;2;246;212;131m⣿[38;2;254;230;163m⣿[38;2;254;229;162m⣿[38;2;246;212;135m⣿[38;2;244;207;123m⣿[38;2;246;210;127m⣿[38;2;249;219;143m⣿[38;2;188;107;84m⡏[38;2;156;24;74m⠉[38;2;103;20;60m⠁[38;2;2;0;23m⠀[38;2;3;0;24m⠀[38;2;2;0;24m⠀[38;2;3;0;23m⠀[38;2;2;0;24m⠀[38;2;2;0;24m⠀[38;2;2;0;24m⠀[38;2;2;0;24m⠀[38;2;2;0;24m⠀[38;2;2;0;24m⠀[38;2;2;0;25m⠀[38;2;121;118;139m⢸[38;2;240;236;254m⣿[38;2;2;0;27m⠀[38;2;2;0;25m⠀[38;2;3;0;22m⠀[38;2;2;0;24m⠀[38;2;2;0;24m⠀[38;2;2;0;25m⠀[38;2;2;0;24m⠀[38;2;2;0;24m⠀[38;2;2;0;26m⠀
[38;2;89;32;48m⠀[38;2;157;24;74m⠀[38;2;157;24;74m⠀[38;2;183;76;57m⢰[38;2;235;176;76m⣿[38;2;206;127;38m⣿[38;2;225;183;100m⣿[38;2;244;207;123m⣿[38;2;244;207;121m⣿[38;2;244;207;122m⣿[38;2;209;158;74m⣷[38;2;246;206;120m⣿[38;2;244;207;122m⣿[38;2;137;54;86m⣁[38;2;245;206;121m⣿[38;2;244;207;121m⣿[38;2;245;207;121m⣿[38;2;189;132;109m⣏[38;2;191;129;112m⣸[38;2;245;206;121m⣿[38;2;244;207;121m⣿[38;2;244;207;121m⣿[38;2;244;207;121m⣿[38;2;244;207;121m⣿[38;2;244;207;122m⡿[38;2;212;148;64m⣷[38;2;207;133;45m⣿[38;2;244;207;122m⣿[38;2;244;207;121m⣿[38;2;241;199;111m⣿[38;2;245;206;121m⣿[38;2;244;207;121m⣿[38;2;244;207;121m⣿[38;2;244;207;121m⣿[38;2;244;207;121m⣿[38;2;246;206;120m⣿[38;2;99;62;67m⡄[38;2;3;0;23m⠀[38;2;2;0;24m⠀[38;2;3;0;23m⠀[38;2;2;0;23m⠀[38;2;2;0;24m⠀[38;2;2;0;24m⠀[38;2;2;0;24m⠀[38;2;3;0;23m⠀[38;2;2;0;24m⠀[38;2;2;0;24m⠀[38;2;2;0;24m⠀[38;2;2;0;26m⠀[38;2;123;119;136m⢸[38;2;241;237;253m⣿[38;2;4;1;25m⠀[38;2;2;0;26m⠀[38;2;2;0;25m⠀[38;2;2;0;24m⠀[38;2;2;0;24m⠀[38;2;2;0;24m⠀[38;2;2;0;27m⠀[38;2;2;0;24m⠀[38;2;2;0;24m⠀
[38;2;84;37;40m⠀[38;2;115;62;17m⠀[38;2;115;63;16m⠀[38;2;161;95;28m⢸[38;2;205;129;37m⣿[38;2;203;129;38m⣿[38;2;246;206;120m⣿[38;2;244;207;123m⣿[38;2;244;207;121m⣿[38;2;244;207;123m⣿[38;2;203;144;58m⢻[38;2;233;175;75m⣿[38;2;239;193;175m⣿[38;2;252;219;228m⣿[38;2;245;205;161m⣿[38;2;234;177;78m⣿[38;2;239;191;99m⠿[38;2;250;219;220m⣿[38;2;243;203;215m⣿[38;2;220;149;140m⣿[38;2;217;153;58m⣿[38;2;241;191;99m⣿[38;2;234;180;87m⣿[38;2;246;206;120m⣿[38;2;244;207;121m⣿[38;2;239;191;101m⣶[38;2;187;115;130m⣽[38;2;245;207;121m⣿[38;2;244;207;121m⣿[38;2;244;205;119m⢿[38;2;245;206;121m⣿[38;2;236;187;100m⣿[38;2;244;207;121m⣿[38;2;244;207;121m⣿[38;2;244;207;121m⣿[38;2;242;200;111m⣿[38;2;182;153;96m⣧[38;2;2;0;24m⠀[38;2;2;0;24m⠀[38;2;2;0;24m⠀[38;2;2;0;24m⠀[38;2;2;0;26m⠀[38;2;2;0;24m⠀[38;2;2;0;24m⠀[38;2;2;0;24m⠀[38;2;2;0;24m⠀[38;2;2;0;24m⠀[38;2;2;0;24m⠀[38;2;2;0;24m⠀[38;2;121;118;139m⢸[38;2;240;236;254m⣿[38;2;3;1;26m⠀[38;2;2;0;24m⠀[38;2;2;0;24m⠀[38;2;2;0;24m⠀[38;2;2;0;24m⠀[38;2;2;0;24m⠀[38;2;2;0;24m⠀[38;2;2;1;24m⠀[38;2;2;0;26m⠀
[38;2;73;48;25m⠀[38;2;115;63;16m⠀[38;2;115;63;16m⠀[38;2;161;96;26m⢸[38;2;206;130;39m⣿[38;2;220;152;56m⣿[38;2;241;195;104m⣿[38;2;244;207;121m⣿[38;2;244;207;122m⡿[38;2;246;206;120m⠿[38;2;182;101;64m⠜[38;2;118;88;110m⠋[38;2;69;54;112m⠉[38;2;44;35;90m⠉[38;2;95;82;117m⠙[38;2;170;122;123m⠛[38;2;253;200;223m⠿[38;2;253;206;224m⣾[38;2;253;218;226m⣿[38;2;251;219;230m⣿[38;2;235;176;77m⣿[38;2;235;176;76m⣿[38;2;218;153;59m⣿[38;2;207;134;132m⣟[38;2;176;87;122m⣭[38;2;224;166;160m⣿[38;2;249;211;209m⣿[38;2;234;175;75m⣿[38;2;237;186;180m⣷[38;2;231;170;190m⣾[38;2;222;157;181m⣿[38;2;176;121;46m⠏[38;2;244;207;121m⣿[38;2;244;207;121m⣿[38;2;244;207;121m⣿[38;2;193;100;73m⡏[38;2;213;138;73m⢻[38;2;118;89;55m⡆[38;2;2;0;24m⠀[38;2;2;0;23m⠀[38;2;2;0;24m⠀[38;2;2;0;24m⠀[38;2;2;0;25m⠀[38;2;2;0;24m⠀[38;2;2;0;24m⠀[38;2;2;0;24m⠀[38;2;2;0;24m⠀[38;2;2;0;24m⠀[38;2;2;0;24m⠀[38;2;122;119;139m⢸[38;2;242;237;253m⣿[38;2;4;1;25m⠀[38;2;2;0;24m⠀[38;2;2;0;24m⠀[38;2;2;0;24m⠀[38;2;2;0;24m⠀[38;2;2;2;35m⠀[38;2;2;1;55m⠀[38;2;2;1;25m⠀[38;2;2;1;24m⠀
[38;2;93;60;28m⠀[38;2;117;63;16m⠀[38;2;71;39;28m⠀[38;2;50;35;48m⠘[38;2;208;128;40m⣿[38;2;234;175;74m⣿[38;2;240;190;97m⣿[38;2;243;202;114m⣿[38;2;242;198;110m⣿[38;2;93;80;100m⣄[38;2;120;115;175m⢰[38;2;158;162;212m⣿[38;2;45;54;119m⢀[38;2;53;74;144m⣀[38;2;54;63;133m⢀[38;2;51;53;110m⣀[38;2;201;204;250m⣿[38;2;227;212;239m⣷[38;2;253;219;226m⣿[38;2;253;219;226m⣿[38;2;236;177;80m⣿[38;2;234;175;75m⣿[38;2;238;189;154m⣿[38;2;175;103;114m⡟[38;2;89;54;106m⠉[38;2;47;41;97m⠀[38;2;55;51;116m⢀[38;2;57;52;118m⣀[38;2;68;56;113m⡉[38;2;118;102;144m⠙[38;2;182;116;121m⠛[38;2;118;65;15m⠀[38;2;226;177;92m⢿[38;2;212;159;74m⢿[38;2;192;119;67m⠛[38;2;170;68;66m⠃[38;2;157;24;74m⠈[38;2;33;16;14m⠀[38;2;2;0;24m⠀[38;2;2;0;23m⠀[38;2;2;0;24m⠀[38;2;2;0;24m⠀[38;2;2;0;24m⠀[38;2;2;0;24m⠀[38;2;2;0;24m⠀[38;2;2;0;24m⠀[38;2;2;0;24m⠀[38;2;2;0;24m⠀[38;2;2;0;24m⠀[38;2;122;119;139m⢸[38;2;242;237;253m⣿[38;2;3;0;24m⠀[38;2;2;0;24m⠀[38;2;2;0;24m⠀[38;2;2;0;24m⠀[38;2;2;0;24m⠀[38;2;2;0;24m⠀[38;2;2;1;39m⠀[38;2;2;2;68m⠀[38;2;2;2;64m⠀
[38;2;71;48;30m⠀[38;2;0;0;46m⠀[38;2;0;0;49m⠀[38;2;0;0;49m⠀[38;2;25;16;45m⠈[38;2;226;165;68m⣿[38;2;241;190;97m⣿[38;2;234;175;75m⣿[38;2;234;175;74m⣿[38;2;241;190;97m⣿[38;2;207;106;152m⣾[38;2;201;209;241m⣿[38;2;95;126;223m⣿[38;2;118;149;233m⣿[38;2;119;150;233m⣿[38;2;101;131;220m⣿[38;2;250;247;252m⣿[38;2;252;225;233m⣿[38;2;253;219;226m⣿[38;2;253;219;226m⣿[38;2;253;219;226m⣿[38;2;253;219;226m⣿[38;2;253;219;226m⣿[38;2;66;77;140m⣡[38;2;74;87;172m⣰[38;2;96;127;219m⣶[38;2;109;117;170m⣤[38;2;224;225;252m⣿[38;2;209;213;252m⣿[38;2;139;138;199m⡇[38;2;45;40;97m⠀[38;2;82;48;57m⠀[38;2;105;57;29m⠀[38;2;102;51;16m⡈[38;2;75;39;5m⠀[38;2;113;29;45m⠀[38;2;116;32;38m⠀[38;2;75;40;4m⠀[38;2;8;3;25m⠀[38;2;2;0;24m⠀[38;2;2;0;24m⠀[38;2;2;0;24m⠀[38;2;2;0;24m⠀[38;2;2;0;24m⠀[38;2;2;0;24m⠀[38;2;2;0;24m⠀[38;2;2;0;24m⠀[38;2;2;0;24m⠀[38;2;2;0;24m⠀[38;2;122;119;139m⢸[38;2;242;237;253m⣿[38;2;4;0;23m⠀[38;2;2;0;24m⠀[38;2;2;0;24m⠀[38;2;2;0;25m⠀[38;2;2;0;24m⠀[38;2;2;0;24m⠀[38;2;2;0;24m⠀[38;2;3;0;29m⠀[38;2;1;0;54m⠀
[38;2;15;17;41m⠀[38;2;0;0;49m⠀[38;2;0;0;49m⠀[38;2;0;0;49m⠀[38;2;0;0;49m⠀[38;2;118;88;61m⢹[38;2;234;175;74m⣿[38;2;234;175;74m⣿[38;2;234;175;74m⣿[38;2;234;175;74m⣿[38;2;231;154;184m⣿[38;2;253;181;213m⣿[38;2;253;182;214m⣿[38;2;253;181;214m⣿[38;2;253;182;214m⣿[38;2;253;200;224m⣿[38;2;252;218;228m⣿[38;2;252;220;226m⣿[38;2;253;219;226m⣿[38;2;252;220;227m⣿[38;2;253;225;233m⣿[38;2;252;221;228m⣿[38;2;253;219;226m⣿[38;2;193;195;235m⣿[38;2;141;174;247m⣿[38;2;131;161;243m⣿[38;2;111;141;225m⣿[38;2;248;244;252m⣿[38;2;238;209;227m⣿[38;2;156;76;77m⡅[38;2;119;64;16m⠀[38;2;120;64;16m⠀[38;2;130;73;15m⠀[38;2;172;121;49m⣇[38;2;77;40;5m⠀[38;2;74;40;4m⠀[38;2;74;40;4m⠀[38;2;74;40;4m⠀[38;2;73;40;6m⠀[38;2;14;6;20m⠀[38;2;2;0;24m⠀[38;2;2;0;24m⠀[38;2;2;0;24m⠀[38;2;2;0;24m⠀[38;2;2;0;24m⠀[38;2;3;0;25m⠀[38;2;2;0;27m⠀[38;2;2;0;26m⠀[38;2;2;0;25m⠀[38;2;122;119;138m⢸[38;2;242;237;254m⣿[38;2;5;1;24m⠀[38;2;2;0;26m⠀[38;2;2;0;26m⠀[38;2;2;0;25m⠀[38;2;2;0;24m⠀[38;2;2;0;24m⠀[38;2;2;0;28m⠀[38;2;1;0;42m⠀[38;2;0;0;49m⠀
[38;2;15;17;41m⠀[38;2;0;0;49m⠀[38;2;0;0;49m⠀[38;2;0;0;49m⠀[38;2;0;0;49m⠀[38;2;117;88;62m⢸[38;2;200;150;70m⠻[38;2;234;175;74m⣿[38;2;234;175;74m⣿[38;2;234;175;74m⣿[38;2;234;175;74m⣿[38;2;244;179;146m⣿[38;2;253;197;221m⣿[38;2;253;198;220m⣿[38;2;253;203;226m⣿[38;2;253;218;227m⣿[38;2;241;137;186m⣿[38;2;243;148;194m⣿[38;2;253;219;226m⣿[38;2;253;219;226m⣿[38;2;253;219;226m⣿[38;2;251;220;225m⡿[38;2;236;174;192m⢻[38;2;252;219;227m⣿[38;2;253;199;223m⣿[38;2;253;182;214m⣿[38;2;253;181;214m⣿[38;2;253;181;214m⣿[38;2;167;109;144m⡟[38;2;0;0;49m⠁[38;2;107;60;24m⠀[38;2;154;86;17m⠀[38;2;198;144;70m⣸[38;2;242;201;115m⣿[38;2;138;94;32m⡆[38;2;74;40;4m⠀[38;2;74;40;4m⠀[38;2;74;40;4m⠀[38;2;74;40;4m⠀[38;2;74;40;4m⠀[38;2;57;30;13m⠀[38;2;3;0;24m⠀[38;2;2;0;24m⠀[38;2;2;0;24m⠀[38;2;2;0;24m⠀[38;2;2;1;23m⠀[38;2;2;0;24m⠀[38;2;2;0;24m⠀[38;2;2;0;24m⠀[38;2;122;119;139m⢸[38;2;242;238;254m⣿[38;2;6;1;22m⠀[38;2;2;0;24m⠀[38;2;2;0;24m⠀[38;2;2;0;24m⠀[38;2;1;0;37m⠀[38;2;0;0;49m⠀[38;2;0;0;48m⠀[38;2;0;0;50m⠀[38;2;0;0;46m⠀
[38;2;16;17;47m⠀[38;2;1;1;60m⠀[38;2;0;0;51m⠀[38;2;0;0;50m⠀[38;2;0;0;49m⠀[38;2;2;1;48m⠈[38;2;120;90;61m⢆[38;2;225;164;67m⣿[38;2;234;175;74m⣿[38;2;225;164;66m⣿[38;2;234;175;74m⣿[38;2;229;170;73m⣿[38;2;204;129;37m⡿[38;2;251;217;226m⣿[38;2;252;218;231m⣿[38;2;253;219;226m⣿[38;2;253;219;226m⣿[38;2;253;219;226m⣿[38;2;253;219;226m⣿[38;2;253;218;228m⣿[38;2;253;218;226m⣿[38;2;253;219;226m⣿[38;2;253;219;226m⣿[38;2;253;219;226m⣿[38;2;252;219;227m⣿[38;2;253;216;231m⣿[38;2;251;206;226m⠿[38;2;55;41;83m⠋[38;2;0;0;50m⠀[38;2;0;0;51m⠀[38;2;0;0;51m⠀[38;2;155;87;20m⠀[38;2;208;160;82m⣿[38;2;244;207;122m⣿[38;2;162;123;61m⡇[38;2;76;40;3m⠀[38;2;74;40;4m⠀[38;2;74;40;4m⠀[38;2;74;40;4m⠀[38;2;74;40;4m⠀[38;2;73;39;4m⠀[38;2;38;20;14m⠀[38;2;2;0;24m⠀[38;2;2;0;24m⠀[38;2;2;0;24m⠀[38;2;2;0;24m⠀[38;2;2;0;24m⠀[38;2;2;0;24m⠀[38;2;2;0;24m⠀[38;2;122;119;139m⢸[38;2;242;238;254m⣿[38;2;4;1;24m⠀[38;2;2;2;48m⠀[38;2;1;1;23m⠀[38;2;2;1;24m⠀[38;2;0;1;45m⠀[38;2;0;0;49m⠀[38;2;0;0;49m⡀[38;2;21;12;59m⠀[38;2;202;112;147m⢿
[38;2;16;17;42m⠀[38;2;1;1;55m⠀[38;2;0;0;51m⠀[38;2;0;0;51m⠀[38;2;0;0;49m⠀[38;2;0;0;49m⠀[38;2;58;44;58m⠘[38;2;116;81;53m⢫[38;2;116;77;41m⠛[38;2;202;130;40m⢿[38;2;205;129;37m⣿[38;2;205;129;37m⣿[38;2;0;1;41m⠀[38;2;251;216;227m⣿[38;2;224;166;189m⣿[38;2;217;138;160m⣿[38;2;230;178;196m⣿[38;2;252;220;229m⣿[38;2;253;219;226m⣿[38;2;253;219;226m⣿[38;2;253;219;226m⠿[38;2;206;178;193m⠟[38;2;158;139;170m⠛[38;2;240;183;206m⣿[38;2;223;157;179m⣿[38;2;227;174;192m⣿[38;2;237;192;204m⣿[38;2;252;218;224m⣿[38;2;239;187;204m⣶[38;2;122;103;134m⣤[38;2;84;63;100m⣤[38;2;1;1;54m⣀[38;2;244;207;123m⣿[38;2;244;207;121m⡿[38;2;170;142;105m⢧[38;2;49;28;23m⡀[38;2;74;40;4m⠀[38;2;74;40;4m⠀[38;2;74;40;4m⠀[38;2;74;40;4m⠀[38;2;76;40;3m⠀[38;2;6;1;25m⠀[38;2;25;12;24m⠀[38;2;8;5;24m⠀[38;2;4;0;24m⠀[38;2;30;16;17m⠀[38;2;2;1;24m⠀[38;2;2;0;24m⠀[38;2;2;2;32m⠀[38;2;2;2;48m⠈[38;2;182;178;206m⠻[38;2;3;1;34m⠀[38;2;2;2;63m⠀[38;2;2;2;69m⠀[38;2;1;1;47m⢀[38;2;40;40;87m⢠[38;2;49;29;71m⡘[38;2;166;92;121m⢻[38;2;132;70;112m⣆[38;2;0;0;50m⠀
[38;2;16;18;52m⠀[38;2;2;2;69m⠀[38;2;2;2;59m⠀[38;2;2;2;65m⠀[38;2;0;0;49m⠀[38;2;0;0;49m⠀[38;2;1;1;55m⠀[38;2;1;1;55m⠈[38;2;58;35;37m⠑[38;2;104;67;47m⠸[38;2;206;130;39m⣿[38;2;198;116;47m⣟[38;2;170;82;123m⠸[38;2;225;155;181m⣿[38;2;207;123;155m⣿[38;2;203;111;146m⣿[38;2;203;111;146m⣿[38;2;203;112;147m⣷[38;2;175;77;122m⡆[38;2;5;3;42m⣀[38;2;96;54;112m⢀[38;2;139;131;213m⣶[38;2;153;143;219m⣾[38;2;188;150;199m⣿[38;2;225;156;180m⣿[38;2;239;190;206m⣿[38;2;253;219;226m⣿[38;2;253;219;226m⣿[38;2;253;219;226m⣿[38;2;253;219;226m⣿[38;2;253;219;226m⣿[38;2;253;219;226m⣿[38;2;238;188;202m⣿[38;2;179;141;121m⢽[38;2;243;206;124m⣶[38;2;62;27;33m⡉[38;2;3;2;61m⠀[38;2;42;23;29m⠀[38;2;74;40;4m⠀[38;2;74;40;4m⠀[38;2;74;40;4m⠀[38;2;74;40;4m⠀[38;2;74;40;4m⠀[38;2;75;40;4m⠀[38;2;73;38;8m⠀[38;2;38;21;35m⠀[38;2;3;3;63m⠀[38;2;2;3;66m⠀[38;2;2;2;62m⠀[38;2;2;1;51m⠀[38;2;25;20;68m⠀[38;2;37;31;83m⠀[38;2;73;69;120m⠐[38;2;203;204;251m⠶[38;2;204;205;251m⣿[38;2;177;114;161m⡎[38;2;203;205;251m⣿[38;2;204;154;195m⡾[38;2;203;111;146m⢿[38;2;203;112;147m⣷
[38;2;53;39;39m⠀[38;2;39;24;55m⠀[38;2;2;2;70m⠀[38;2;2;3;67m⠀[38;2;0;0;50m⠀[38;2;0;0;49m⠀[38;2;0;0;49m⠀[38;2;0;0;49m⠀[38;2;60;40;78m⢠[38;2;218;144;173m⡿[38;2;156;73;113m⠋[38;2;215;172;197m⢻[38;2;249;214;225m⣿[38;2;178;94;128m⣽[38;2;206;122;156m⡿[38;2;222;166;186m⣿[38;2;253;218;230m⣿[38;2;236;187;205m⣿[38;2;210;133;163m⣿[38;2;221;143;173m⣿[38;2;204;124;153m⣧[38;2;187;160;211m⢻[38;2;226;224;252m⣿[38;2;174;168;231m⣿[38;2;226;157;183m⣾[38;2;250;212;223m⣿[38;2;253;219;226m⣿[38;2;248;208;219m⣿[38;2;238;180;196m⣿[38;2;246;204;215m⣿[38;2;238;188;201m⣿[38;2;240;191;207m⣿[38;2;215;97;142m⣳[38;2;224;109;155m⣿[38;2;248;245;254m⣿[38;2;238;207;226m⣿[38;2;145;140;171m⠇[38;2;43;37;92m⠀[38;2;42;37;92m⠀[38;2;42;37;92m⠀[38;2;42;37;92m⠀[38;2;42;37;92m⠀[38;2;42;37;92m⠀[38;2;42;37;92m⠀[38;2;44;37;93m⠀[38;2;46;36;93m⠀[38;2;87;70;131m⠀[38;2;92;73;134m⠀[38;2;92;73;134m⠀[38;2;92;73;134m⠀[38;2;92;73;135m⠀[38;2;92;73;135m⠀[38;2;92;74;137m⠀[38;2;63;51;110m⠀[38;2;42;38;92m⠀[38;2;164;163;211m⢻[38;2;168;86;133m⡜[38;2;171;159;214m⣧[38;2;154;56;105m⠈[38;2;203;111;146m⣿
[38;2;15;18;52m⠀[38;2;2;2;70m⠀[38;2;3;3;68m⠀[38;2;0;0;49m⠀[38;2;0;0;49m⠀[38;2;62;55;95m⣠[38;2;192;158;179m⣴[38;2;213;168;189m⣶[38;2;229;171;193m⣾[38;2;232;180;199m⣶[38;2;201;127;157m⣟[38;2;151;63;107m⢈[38;2;180;94;133m⣭[38;2;202;111;146m⣿[38;2;205;114;148m⣿[38;2;206;116;150m⣿[38;2;218;142;169m⣿[38;2;229;170;190m⣿[38;2;238;186;204m⣿[38;2;237;187;202m⣿[38;2;201;131;157m⡟[38;2;213;160;184m⣿[38;2;249;246;254m⣿[38;2;204;179;202m⠟[38;2;225;155;183m⣿[38;2;224;156;181m⣿[38;2;198;117;151m⠟[38;2;148;61;106m⠉[38;2;175;96;133m⠛[38;2;202;110;144m⢻[38;2;218;111;146m⣿[38;2;221;86;137m⣿[38;2;234;174;199m⣿[38;2;233;189;211m⣿[38;2;241;202;224m⣿[38;2;145;141;171m⡏[38;2;42;37;92m⠀[38;2;42;37;92m⠀[38;2;42;37;92m⠀[38;2;42;37;92m⠀[38;2;42;37;92m⠀[38;2;42;37;92m⠀[38;2;42;37;92m⠀[38;2;42;37;92m⠀[38;2;43;37;92m⠀[38;2;58;49;105m⠀[38;2;92;73;136m⠀[38;2;92;73;135m⠀[38;2;92;73;135m⠀[38;2;92;73;135m⠀[38;2;92;73;135m⠀[38;2;92;73;135m⠀[38;2;89;72;132m⠀[38;2;66;53;112m⠀[38;2;42;37;92m⠀[38;2;42;37;92m⠈[38;2;147;132;207m⣷[38;2;129;86;137m⢹[38;2;151;124;194m⣶[38;2;142;55;102m⠉
[38;2;14;17;42m⠀[38;2;0;0;49m⠀[38;2;0;0;49m⠀[38;2;0;0;49m⠀[38;2;31;27;71m⠀[38;2;253;219;228m⣿[38;2;199;192;237m⣿[38;2;165;158;226m⡿[38;2;148;94;147m⣇[38;2;225;174;194m⣻[38;2;236;183;199m⣿[38;2;201;113;147m⣿[38;2;202;112;146m⣿[38;2;203;111;146m⣿[38;2;203;113;148m⣿[38;2;195;161;204m⣦[38;2;196;127;162m⣛[38;2;226;167;188m⡿[38;2;236;191;208m⣿[38;2;226;190;218m⣿[38;2;153;118;176m⣿[38;2;213;159;184m⢿[38;2;192;156;173m⡟[38;2;158;109;152m⠰[38;2;196;160;206m⠯[38;2;188;121;169m⠕[38;2;150;99;143m⣤[38;2;124;24;59m⠀[38;2;187;60;107m⣛[38;2;186;62;111m⣛[38;2;198;137;164m⣭[38;2;233;168;196m⣿[38;2;249;245;253m⣿[38;2;249;246;252m⣿[38;2;219;218;252m⣿[38;2;47;42;92m⠀[38;2;41;37;92m⠀[38;2;42;37;92m⠀[38;2;42;37;92m⠀[38;2;42;37;92m⠀[38;2;42;37;92m⠀[38;2;42;37;92m⠀[38;2;42;37;92m⠀[38;2;42;37;92m⠀[38;2;42;37;92m⠀[38;2;42;37;92m⠀[38;2;42;37;92m⠀[38;2;43;37;92m⠀[38;2;79;64;124m⠀[38;2;91;74;135m⠀[38;2;68;56;114m⠀[38;2;44;36;92m⠀[38;2;42;37;92m⠀[38;2;42;37;92m⠀[38;2;42;37;92m⠀[38;2;43;37;92m⠀[38;2;152;142;220m⣿[38;2;128;83;141m⢸[38;2;120;114;182m⡏[38;2;1;0;50m⠀
[38;2;14;17;42m⠀[38;2;0;0;49m⠀[38;2;0;0;49m⠀[38;2;0;0;49m⠀[38;2;115;86;114m⢸[38;2;231;212;239m⣿[38;2;130;86;143m⣫[38;2;178;129;178m⣼[38;2;223;157;181m⣿[38;2;223;157;181m⣿[38;2;224;156;181m⣿[38;2;223;153;179m⣿[38;2;172;126;161m⡻[38;2;158;151;227m⣿[38;2;177;175;234m⣿[38;2;179;157;208m⣿[38;2;132;78;109m⠛[38;2;150;113;156m⠛[38;2;167;126;175m⠺[38;2;81;66;121m⠉[38;2;87;72;133m⠋[38;2;95;32;76m⡈[38;2;96;61;105m⠀[38;2;106;85;147m⣠[38;2;134;105;169m⣤[38;2;134;105;169m⣤[38;2;126;100;165m⣬[38;2;122;105;165m⣝[38;2;234;228;241m⣾[38;2;239;238;254m⣿[38;2;224;225;252m⣿[38;2;206;207;253m⣿[38;2;205;207;253m⣿[38;2;177;180;222m⡟[38;2;32;31;75m⠃[38;2;0;0;48m⠀[38;2;0;0;50m⠀[38;2;0;0;50m⠀[38;2;0;0;50m⠀[38;2;0;0;50m⠀[38;2;0;0;50m⠀[38;2;13;11;62m⠀[38;2;13;11;62m⠀[38;2;13;11;62m⠀[38;2;13;11;62m⠀[38;2;17;15;66m⠀[38;2;32;28;82m⠀[38;2;42;37;92m⠀[38;2;42;37;92m⠀[38;2;42;37;92m⠀[38;2;42;37;92m⠀[38;2;42;37;92m⠀[38;2;42;37;92m⠀[38;2;42;37;92m⠀[38;2;42;37;92m⠀[38;2;43;37;92m⠀[38;2;152;143;220m⣿[38;2;130;83;142m⢸[38;2;98;93;153m⡇[38;2;2;1;30m⠀
[38;2;14;17;42m⠀[38;2;0;0;49m⠀[38;2;0;0;49m⠀[38;2;0;0;49m⠀[38;2;115;75;111m⠸[38;2;187;161;208m⣮[38;2;197;185;231m⡿[38;2;210;194;236m⢿[38;2;223;157;183m⣿[38;2;224;157;181m⣿[38;2;223;157;180m⣿[38;2;158;115;158m⠏[38;2;107;89;155m⠙[38;2;149;144;218m⢷[38;2;118;52;96m⣍[38;2;137;111;178m⡻[38;2;180;175;234m⣿[38;2;125;103;164m⣤[38;2;106;84;147m⣄[38;2;88;73;134m⣀[38;2;201;202;247m⠿[38;2;193;170;198m⠟[38;2;173;126;174m⠻[38;2;150;118;184m⠿[38;2;150;118;184m⣿[38;2;150;118;184m⣿[38;2;150;118;184m⣿[38;2;150;118;184m⣿[38;2;150;118;184m⣿[38;2;179;162;218m⣿[38;2;206;210;253m⣿[38;2;204;208;252m⣿[38;2;155;157;196m⠟[38;2;2;0;30m⠁[38;2;2;0;25m⠀[38;2;2;0;24m⠀[38;2;2;0;24m⠀[38;2;2;0;24m⠀[38;2;1;1;23m⠀[38;2;1;1;23m⠀[38;2;1;1;23m⠀[38;2;1;1;30m⠀[38;2;0;0;49m⠀[38;2;0;0;49m⠀[38;2;0;0;49m⠀[38;2;0;0;49m⠀[38;2;0;0;49m⠀[38;2;0;0;49m⠀[38;2;0;0;49m⠀[38;2;21;19;72m⠀[38;2;43;37;92m⠀[38;2;42;37;92m⠀[38;2;42;37;92m⠀[38;2;42;37;92m⠀[38;2;43;39;95m⢀[38;2;123;117;189m⣼[38;2;128;79;141m⢇[38;2;151;142;220m⡿[38;2;2;0;33m⠁[38;2;2;0;24m⠀
[38;2;14;17;42m⠀[38;2;0;0;49m⠀[38;2;0;0;49m⠀[38;2;0;0;49m⠀[38;2;153;85;148m⠤[38;2;65;57;112m⡈[38;2;161;163;211m⠻[38;2;187;163;209m⣦[38;2;193;159;209m⣽[38;2;178;112;159m⡛[38;2;249;246;254m⢿[38;2;209;202;224m⣦[38;2;170;160;193m⣤[38;2;94;75;133m⣀[38;2;145;130;184m⣹[38;2;197;193;237m⣿[38;2;191;184;235m⣿[38;2;154;127;191m⣿[38;2;150;118;184m⣿[38;2;150;118;184m⣿[38;2;150;118;184m⣶[38;2;151;76;137m⣤[38;2;151;24;70m⡀[38;2;171;41;89m⢠[38;2;168;37;87m⣙[38;2;192;76;129m⣻[38;2;162;111;172m⣿[38;2;150;118;184m⣿[38;2;157;129;195m⣿[38;2;167;149;219m⢿[38;2;206;208;254m⡿[38;2;51;50;80m⠋[38;2;2;0;25m⠀[38;2;2;0;24m⠀[38;2;2;0;24m⠀[38;2;2;0;24m⠀[38;2;2;0;24m⠀[38;2;2;0;24m⠀[38;2;2;0;24m⠀[38;2;2;0;24m⠀[38;2;2;0;24m⠀[38;2;2;0;24m⠀[38;2;2;0;24m⠀[38;2;2;0;24m⠀[38;2;1;1;30m⠀[38;2;0;0;44m⠀[38;2;0;0;49m⠀[38;2;0;0;49m⠀[38;2;0;0;49m⠀[38;2;0;0;49m⠀[38;2;0;0;49m⠀[38;2;34;34;86m⠐[38;2;63;57;113m⠠[38;2;147;140;215m⠾[38;2;112;106;173m⠟[38;2;69;40;81m⠋[38;2;39;34;74m⠊[38;2;3;0;23m⠁[38;2;2;0;24m⠀[38;2;2;0;24m⠀
[38;2;13;17;42m⠀[38;2;0;0;49m⠀[38;2;0;0;49m⠀[38;2;0;0;49m⠀[38;2;19;17;70m⠀[38;2;123;108;177m⠆[38;2;93;73;134m⠀[38;2;92;75;134m⠈[38;2;69;57;119m⠉[38;2;84;79;132m⠙[38;2;173;172;220m⠻[38;2;242;219;236m⣿[38;2;237;165;196m⣿[38;2;228;128;169m⣿[38;2;233;164;196m⣿[38;2;199;179;217m⣿[38;2;150;120;185m⣿[38;2;150;118;184m⣿[38;2;150;118;184m⣿[38;2;150;118;184m⣿[38;2;150;118;184m⣿[38;2;196;179;218m⣿[38;2;249;245;254m⣿[38;2;231;212;232m⣷[38;2;205;69;121m⢻[38;2;222;86;137m⣿[38;2;224;84;138m⣿[38;2;101;59;118m⡍[38;2;45;36;93m⠁[38;2;34;28;69m⠀[38;2;3;0;24m⠀[38;2;2;0;24m⠀[38;2;2;0;24m⠀[38;2;2;0;24m⠀[38;2;2;0;24m⠀[38;2;2;0;24m⠀[38;2;2;0;24m⠀[38;2;2;0;24m⠀[38;2;2;0;24m⠀[38;2;2;0;24m⠀[38;2;2;0;24m⠀[38;2;2;0;24m⠀[38;2;2;0;24m⠀[38;2;2;0;24m⠀[38;2;2;0;24m⠀[38;2;2;0;24m⠀[38;2;2;0;25m⠀[38;2;2;0;27m⠀[38;2;3;0;26m⠀[38;2;122;119;137m⢰[38;2;240;236;254m⣾[38;2;4;1;25m⠀[38;2;2;0;24m⠀[38;2;2;0;24m⠀[38;2;2;0;24m⠀[38;2;2;0;24m⠀[38;2;2;0;24m⠀[38;2;2;0;25m⠀[38;2;2;0;24m⠀[38;2;2;0;24m⠀

